Vertex 497.889 354.371
-1751.86 2000 -1707.53 1964.06
-1707.53 1964.06 -1597.08 1874.51
-1597.08 1874.51 -1489.72 1787.47
-1489.72 1787.47 -1385.45 1702.94
-1385.45 1702.94 -1284.28 1620.91
-1284.28 1620.91 -1186.2 1541.39
-1186.2 1541.39 -1091.2 1464.37
-1091.2 1464.37 -999.29 1389.86
-999.29 1389.86 -910.462 1317.84
-910.462 1317.84 -824.713 1248.32
-824.713 1248.32 -742.04 1181.29
-742.04 1181.29 -662.439 1116.76
-662.439 1116.76 -585.903 1054.71
-585.903 1054.71 -512.427 995.137
-512.427 995.137 -442.004 938.043
-442.004 938.043 -374.626 883.416
-374.626 883.416 -310.281 831.25
-310.281 831.25 -248.959 781.534
-248.959 781.534 -190.643 734.257
-190.643 734.257 -135.318 689.403
-135.318 689.403 -82.9598 646.956
-82.9598 646.956 -33.5435 606.894
-33.5435 606.894 12.9635 569.192
12.9635 569.192 56.6007 533.816
56.6007 533.816 97.4171 500.728
97.4171 500.728 135.473 469.879
135.473 469.879 170.843 441.208
170.843 441.208 203.62 414.641
203.62 414.641 233.916 390.086
233.916 390.086 261.872 367.43
261.872 367.43 287.657 346.537
287.657 346.537 311.475 327.24
311.475 327.24 333.568 309.344
333.568 309.344 354.219 292.622
354.219 292.622 373.746 276.813
373.746 276.813 392.505 261.633
392.505 261.633 410.874 246.775
410.874 246.775 392.505 261.633
392.505 261.633 410.874 246.775
410.874 246.775 429.246 231.92
429.246 231.92 431.955 229.731
597.917 317.227 584.759 310.327
584.759 310.327 567.173 301.097
567.173 301.097 550.731 292.457
550.731 292.457 534.883 284.118
534.883 284.118 550.731 292.457
550.731 292.457 534.883 284.118
534.883 284.118 519.039 275.769
519.039 275.769 502.612 267.101
502.612 267.101 485.051 257.823
485.051 257.823 465.862 247.676
465.862 247.676 444.631 236.441
444.631 236.441 431.955 229.731
-177.09 2000 -168.297 1980.93
-168.297 1980.93 -120.523 1877.29
-120.523 1877.29 -74.4181 1777.28
-74.4181 1777.28 -29.9826 1680.89
-29.9826 1680.89 12.785 1588.12
12.785 1588.12 53.8856 1498.96
53.8856 1498.96 93.3203 1413.42
93.3203 1413.42 131.091 1331.49
131.091 1331.49 167.199 1253.16
167.199 1253.16 201.646 1178.43
201.646 1178.43 234.436 1107.3
234.436 1107.3 265.571 1039.76
265.571 1039.76 295.056 975.799
295.056 975.799 322.895 915.405
322.895 915.405 349.095 858.566
349.095 858.566 373.665 805.264
373.665 805.264 396.614 755.475
396.614 755.475 417.956 709.171
417.956 709.171 437.71 666.311
437.71 666.311 455.897 626.847
455.897 626.847 472.549 590.709
472.549 590.709 487.707 557.809
487.707 557.809 501.424 528.027
501.424 528.027 513.774 501.207
513.774 501.207 524.851 477.137
524.851 477.137 534.78 455.547
534.78 455.547 543.72 436.088
543.72 436.088 551.867 418.33
551.867 418.33 559.455 401.76
559.455 401.76 566.748 385.8
566.748 385.8 559.455 401.76
559.455 401.76 566.748 385.8
566.748 385.8 574.027 369.833
574.027 369.833 581.574 353.245
581.574 353.245 589.652 335.455
589.652 335.455 597.917 317.227
Vertex 323.645 138.915
-775.224 -2000 -769.001 -1988.82
-769.001 -1988.82 -703.81 -1871.65
-703.81 -1871.65 -640.56 -1757.98
-640.56 -1757.98 -579.251 -1647.79
-579.251 -1647.79 -519.882 -1541.1
-519.882 -1541.1 -462.453 -1437.88
-462.453 -1437.88 -406.963 -1338.16
-406.963 -1338.16 -353.412 -1241.91
-353.412 -1241.91 -301.798 -1149.15
-301.798 -1149.15 -252.121 -1059.87
-252.121 -1059.87 -204.379 -974.069
-204.379 -974.069 -158.57 -891.742
-158.57 -891.742 -114.693 -812.886
-114.693 -812.886 -72.7454 -737.498
-72.7454 -737.498 -32.7245 -665.573
-32.7245 -665.573 5.37304 -597.104
5.37304 -597.104 41.5514 -532.085
41.5514 -532.085 75.8156 -470.507
75.8156 -470.507 108.172 -412.357
108.172 -412.357 138.629 -357.621
138.629 -357.621 167.197 -306.282
167.197 -306.282 193.888 -258.315
193.888 -258.315 218.72 -213.691
218.72 -213.691 241.714 -172.369
241.714 -172.369 262.9 -134.3
262.9 -134.3 282.315 -99.414
282.315 -99.414 300.009 -67.6231
300.009 -67.6231 316.048 -38.8089
316.048 -38.8089 330.519 -12.8155
330.519 -12.8155 343.536 10.5609
343.536 10.5609 355.247 31.5844
355.247 31.5844 365.837 50.5887
365.837 50.5887 375.537 67.9842
375.537 67.9842 384.617 84.2547
384.617 84.2547 393.381 99.944
393.381 99.944 384.617 84.2547
384.617 84.2547 393.381 99.944
393.381 99.944 402.151 115.63
402.151 115.63 411.25 131.889
411.25 131.889 420.982 149.267
420.982 149.267 431.618 168.246
431.618 168.246 443.386 189.237
443.386 189.237 443.927 190.201
443.927 190.201 -nan -nan
443.927 190.201 441.392 198.562
441.392 198.562 434.615 220.937
434.615 220.937 431.955 229.731
-1751.86 2000 -1707.53 1964.06
-1707.53 1964.06 -1597.08 1874.51
-1597.08 1874.51 -1489.72 1787.47
-1489.72 1787.47 -1385.45 1702.94
-1385.45 1702.94 -1284.28 1620.91
-1284.28 1620.91 -1186.2 1541.39
-1186.2 1541.39 -1091.2 1464.37
-1091.2 1464.37 -999.29 1389.86
-999.29 1389.86 -910.462 1317.84
-910.462 1317.84 -824.713 1248.32
-824.713 1248.32 -742.04 1181.29
-742.04 1181.29 -662.439 1116.76
-662.439 1116.76 -585.903 1054.71
-585.903 1054.71 -512.427 995.137
-512.427 995.137 -442.004 938.043
-442.004 938.043 -374.626 883.416
-374.626 883.416 -310.281 831.25
-310.281 831.25 -248.959 781.534
-248.959 781.534 -190.643 734.257
-190.643 734.257 -135.318 689.403
-135.318 689.403 -82.9598 646.956
-82.9598 646.956 -33.5435 606.894
-33.5435 606.894 12.9635 569.192
12.9635 569.192 56.6007 533.816
56.6007 533.816 97.4171 500.728
97.4171 500.728 135.473 469.879
135.473 469.879 170.843 441.208
170.843 441.208 203.62 414.641
203.62 414.641 233.916 390.086
233.916 390.086 261.872 367.43
261.872 367.43 287.657 346.537
287.657 346.537 311.475 327.24
311.475 327.24 333.568 309.344
333.568 309.344 354.219 292.622
354.219 292.622 373.746 276.813
373.746 276.813 392.505 261.633
392.505 261.633 410.874 246.775
410.874 246.775 392.505 261.633
392.505 261.633 410.874 246.775
410.874 246.775 429.246 231.92
429.246 231.92 431.955 229.731
Vertex 636.129 417.467
-177.09 2000 -168.297 1980.93
-168.297 1980.93 -120.523 1877.29
-120.523 1877.29 -74.4181 1777.28
-74.4181 1777.28 -29.9826 1680.89
-29.9826 1680.89 12.785 1588.12
12.785 1588.12 53.8856 1498.96
53.8856 1498.96 93.3203 1413.42
93.3203 1413.42 131.091 1331.49
131.091 1331.49 167.199 1253.16
167.199 1253.16 201.646 1178.43
201.646 1178.43 234.436 1107.3
234.436 1107.3 265.571 1039.76
265.571 1039.76 295.056 975.799
295.056 975.799 322.895 915.405
322.895 915.405 349.095 858.566
349.095 858.566 373.665 805.264
373.665 805.264 396.614 755.475
396.614 755.475 417.956 709.171
417.956 709.171 437.71 666.311
437.71 666.311 455.897 626.847
455.897 626.847 472.549 590.709
472.549 590.709 487.707 557.809
487.707 557.809 501.424 528.027
501.424 528.027 513.774 501.207
513.774 501.207 524.851 477.137
524.851 477.137 534.78 455.547
534.78 455.547 543.72 436.088
543.72 436.088 551.867 418.33
551.867 418.33 559.455 401.76
559.455 401.76 566.748 385.8
566.748 385.8 559.455 401.76
559.455 401.76 566.748 385.8
566.748 385.8 574.027 369.833
574.027 369.833 581.574 353.245
581.574 353.245 589.652 335.455
589.652 335.455 597.917 317.227
711.699 280.902 688.142 288.457
688.142 288.457 665.218 295.796
665.218 295.796 643.839 302.625
643.839 302.625 623.525 309.097
623.525 309.097 603.752 315.378
603.752 315.378 623.525 309.097
623.525 309.097 603.752 315.378
603.752 315.378 597.917 317.227
1199.97 2000 1199.31 1997.69
1199.31 1997.69 1169.14 1891.65
1169.14 1891.65 1140.06 1789.43
1140.06 1789.43 1112.07 1691.02
1112.07 1691.02 1085.16 1596.43
1085.16 1596.43 1059.33 1505.65
1059.33 1505.65 1034.58 1418.67
1034.58 1418.67 1010.92 1335.49
1010.92 1335.49 988.332 1256.09
988.332 1256.09 966.819 1180.47
966.819 1180.47 946.376 1108.61
946.376 1108.61 926.999 1040.49
926.999 1040.49 908.683 976.106
908.683 976.106 891.421 915.42
891.421 915.42 875.204 858.406
875.204 858.406 860.022 805.025
860.022 805.025 845.86 755.23
845.86 755.23 832.702 708.961
832.702 708.961 820.527 666.14
820.527 666.14 809.307 626.67
809.307 626.67 799.008 590.428
799.008 590.428 789.585 557.258
789.585 557.258 780.983 526.963
780.983 526.963 773.133 499.297
773.133 499.297 765.951 473.961
765.951 473.961 759.335 450.593
759.335 450.593 753.166 428.771
753.166 428.771 747.309 408.013
747.309 408.013 741.618 387.799
741.618 387.799 747.309 408.013
747.309 408.013 741.618 387.799
741.618 387.799 735.938 367.582
735.938 367.582 730.116 346.815
730.116 346.815 724.005 324.976
724.005 324.976 717.471 301.585
717.471 301.585 711.699 280.902
Vertex 462.859 61.1171
601.607 78.1737 -nan -nan
601.607 78.1737 603.983 67.0727
603.983 67.0727 609.045 43.4563
609.045 43.4563 614.328 18.8724
614.328 18.8724 619.924 -7.12372
619.924 -7.12372 625.922 -34.9346
625.922 -34.9346 632.395 -64.9142
632.395 -64.9142 639.409 -97.3672
639.409 -97.3672 647.02 -132.55
647.02 -132.55 655.272 -170.677
655.272 -170.677 664.202 -211.923
664.202 -211.923 673.843 -256.431
673.843 -256.431 684.218 -304.317
684.218 -304.317 695.347 -355.676
695.347 -355.676 707.247 -410.583
707.247 -410.583 719.931 -469.099
719.931 -469.099 733.409 -531.275
733.409 -531.275 747.69 -597.152
747.69 -597.152 762.782 -666.762
762.782 -666.762 778.689 -740.133
778.689 -740.133 795.418 -817.287
795.418 -817.287 812.971 -898.243
812.971 -898.243 831.352 -983.016
831.352 -983.016 850.564 -1071.62
850.564 -1071.62 870.609 -1164.06
870.609 -1164.06 891.49 -1260.36
891.49 -1260.36 913.206 -1360.51
913.206 -1360.51 935.761 -1464.52
935.761 -1464.52 959.156 -1572.4
959.156 -1572.4 983.39 -1684.16
983.39 -1684.16 1008.47 -1799.8
1008.47 -1799.8 1034.38 -1919.31
1034.38 -1919.31 1051.88 -2000
443.927 190.201 449.081 186.525
449.081 186.525 467.813 173.17
467.813 173.17 485.151 160.818
485.151 160.818 501.524 149.164
501.524 149.164 517.405 137.872
517.405 137.872 501.524 149.164
501.524 149.164 517.405 137.872
517.405 137.872 533.292 126.588
533.292 126.588 549.682 114.959
549.682 114.959 567.05 102.647
567.05 102.647 585.822 89.3497
585.822 89.3497 601.607 78.1737
-775.224 -2000 -769.001 -1988.82
-769.001 -1988.82 -703.81 -1871.65
-703.81 -1871.65 -640.56 -1757.98
-640.56 -1757.98 -579.251 -1647.79
-579.251 -1647.79 -519.882 -1541.1
-519.882 -1541.1 -462.453 -1437.88
-462.453 -1437.88 -406.963 -1338.16
-406.963 -1338.16 -353.412 -1241.91
-353.412 -1241.91 -301.798 -1149.15
-301.798 -1149.15 -252.121 -1059.87
-252.121 -1059.87 -204.379 -974.069
-204.379 -974.069 -158.57 -891.742
-158.57 -891.742 -114.693 -812.886
-114.693 -812.886 -72.7454 -737.498
-72.7454 -737.498 -32.7245 -665.573
-32.7245 -665.573 5.37304 -597.104
5.37304 -597.104 41.5514 -532.085
41.5514 -532.085 75.8156 -470.507
75.8156 -470.507 108.172 -412.357
108.172 -412.357 138.629 -357.621
138.629 -357.621 167.197 -306.282
167.197 -306.282 193.888 -258.315
193.888 -258.315 218.72 -213.691
218.72 -213.691 241.714 -172.369
241.714 -172.369 262.9 -134.3
262.9 -134.3 282.315 -99.414
282.315 -99.414 300.009 -67.6231
300.009 -67.6231 316.048 -38.8089
316.048 -38.8089 330.519 -12.8155
330.519 -12.8155 343.536 10.5609
343.536 10.5609 355.247 31.5844
355.247 31.5844 365.837 50.5887
365.837 50.5887 375.537 67.9842
375.537 67.9842 384.617 84.2547
384.617 84.2547 393.381 99.944
393.381 99.944 384.617 84.2547
384.617 84.2547 393.381 99.944
393.381 99.944 402.151 115.63
402.151 115.63 411.25 131.889
411.25 131.889 420.982 149.267
420.982 149.267 431.618 168.246
431.618 168.246 443.386 189.237
443.386 189.237 443.927 190.201
Vertex 922.518 140.317
2000 636.007 1987.83 631.787
1987.83 631.787 1902.34 602.152
1902.34 602.152 1820.58 573.807
1820.58 573.807 1742.53 546.75
1742.53 546.75 1668.19 520.975
1668.19 520.975 1597.53 496.479
1597.53 496.479 1530.54 473.256
1530.54 473.256 1467.21 451.297
1467.21 451.297 1407.5 430.595
1407.5 430.595 1351.38 411.138
1351.38 411.138 1298.81 392.912
1298.81 392.912 1249.75 375.9
1249.75 375.9 1204.13 360.08
1204.13 360.08 1161.87 345.425
1161.87 345.425 1122.88 331.9
1122.88 331.9 1087.02 319.461
1087.02 319.461 1054.14 308.053
1054.14 308.053 1024.05 297.609
1024.05 297.609 996.494 288.043
996.494 288.043 971.188 279.252
971.188 279.252 947.776 271.114
947.776 271.114 925.849 263.485
925.849 263.485 904.947 256.206
904.947 256.206 884.568 249.101
884.568 249.101 904.947 256.206
904.947 256.206 884.568 249.101
884.568 249.101 864.193 241.989
864.193 241.989 843.298 234.687
843.298 234.687 821.384 227.022
821.384 227.022 817.407 225.63
1065.26 -2000 1065.01 -1997.76
1065.01 -1997.76 1051.07 -1872.41
1051.07 -1872.41 1037.57 -1751.01
1037.57 -1751.01 1024.51 -1633.58
1024.51 -1633.58 1011.89 -1520.1
1011.89 -1520.1 999.716 -1410.59
999.716 -1410.59 987.977 -1305.03
987.977 -1305.03 976.677 -1203.42
976.677 -1203.42 965.817 -1105.75
965.817 -1105.75 955.395 -1012.04
955.395 -1012.04 945.411 -922.26
945.411 -922.26 935.864 -836.416
935.864 -836.416 926.754 -754.497
926.754 -754.497 918.08 -676.495
918.08 -676.495 909.839 -602.399
909.839 -602.399 902.032 -532.195
902.032 -532.195 894.655 -465.867
894.655 -465.867 887.706 -403.394
887.706 -403.394 881.183 -344.749
881.183 -344.749 875.082 -289.9
875.082 -289.9 869.398 -238.804
869.398 -238.804 864.125 -191.407
864.125 -191.407 859.255 -147.64
859.255 -147.64 854.777 -107.412
854.777 -107.412 850.68 -70.6094
850.68 -70.6094 846.946 -37.0809
846.946 -37.0809 843.553 -6.63485
843.553 -6.63485 840.474 20.9738
840.474 20.9738 837.674 46.0523
837.674 46.0523 835.11 68.9787
835.11 68.9787 832.732 90.2044
832.732 90.2044 830.481 110.25
830.481 110.25 828.291 129.69
828.291 129.69 830.481 110.25
830.481 110.25 828.291 129.69
828.291 129.69 826.096 149.129
826.096 149.129 823.826 169.172
823.826 169.172 821.417 190.394
821.417 190.394 818.81 213.316
818.81 213.316 817.407 225.63
Vertex 846.471 358.31
711.699 280.902 -nan -nan
711.699 280.902 715.725 273.223
817.407 225.63 811.146 228.569
811.146 228.569 790.256 238.365
790.256 238.365 811.146 228.569
811.146 228.569 790.256 238.365
790.256 238.365 769.362 248.152
769.362 248.152 747.994 258.147
747.994 258.147 725.702 268.564
725.702 268.564 715.725 273.223
2000 636.007 1987.83 631.787
1987.83 631.787 1902.34 602.152
1902.34 602.152 1820.58 573.807
1820.58 573.807 1742.53 546.75
1742.53 546.75 1668.19 520.975
1668.19 520.975 1597.53 496.479
1597.53 496.479 1530.54 473.256
1530.54 473.256 1467.21 451.297
1467.21 451.297 1407.5 430.595
1407.5 430.595 1351.38 411.138
1351.38 411.138 1298.81 392.912
1298.81 392.912 1249.75 375.9
1249.75 375.9 1204.13 360.08
1204.13 360.08 1161.87 345.425
1161.87 345.425 1122.88 331.9
1122.88 331.9 1087.02 319.461
1087.02 319.461 1054.14 308.053
1054.14 308.053 1024.05 297.609
1024.05 297.609 996.494 288.043
996.494 288.043 971.188 279.252
971.188 279.252 947.776 271.114
947.776 271.114 925.849 263.485
925.849 263.485 904.947 256.206
904.947 256.206 884.568 249.101
884.568 249.101 904.947 256.206
904.947 256.206 884.568 249.101
884.568 249.101 864.193 241.989
864.193 241.989 843.298 234.687
843.298 234.687 821.384 227.022
821.384 227.022 817.407 225.63
1199.97 2000 1199.31 1997.69
1199.31 1997.69 1169.14 1891.65
1169.14 1891.65 1140.06 1789.43
1140.06 1789.43 1112.07 1691.02
1112.07 1691.02 1085.16 1596.43
1085.16 1596.43 1059.33 1505.65
1059.33 1505.65 1034.58 1418.67
1034.58 1418.67 1010.92 1335.49
1010.92 1335.49 988.332 1256.09
988.332 1256.09 966.819 1180.47
966.819 1180.47 946.376 1108.61
946.376 1108.61 926.999 1040.49
926.999 1040.49 908.683 976.106
908.683 976.106 891.421 915.42
891.421 915.42 875.204 858.406
875.204 858.406 860.022 805.025
860.022 805.025 845.86 755.23
845.86 755.23 832.702 708.961
832.702 708.961 820.527 666.14
820.527 666.14 809.307 626.67
809.307 626.67 799.008 590.428
799.008 590.428 789.585 557.258
789.585 557.258 780.983 526.963
780.983 526.963 773.133 499.297
773.133 499.297 765.951 473.961
765.951 473.961 759.335 450.593
759.335 450.593 753.166 428.771
753.166 428.771 747.309 408.013
747.309 408.013 741.618 387.799
741.618 387.799 747.309 408.013
747.309 408.013 741.618 387.799
741.618 387.799 735.938 367.582
735.938 367.582 730.116 346.815
730.116 346.815 724.005 324.976
724.005 324.976 717.471 301.585
717.471 301.585 711.699 280.902
Vertex 571.678 214.242
601.607 78.1737 585.822 89.3497
585.822 89.3497 567.05 102.647
567.05 102.647 549.682 114.959
549.682 114.959 533.292 126.588
533.292 126.588 517.405 137.872
517.405 137.872 533.292 126.588
533.292 126.588 517.405 137.872
517.405 137.872 501.524 149.164
501.524 149.164 485.151 160.818
485.151 160.818 467.813 173.17
467.813 173.17 449.081 186.525
449.081 186.525 443.927 190.201
715.725 273.223 708.413 260.768
708.413 260.768 695.657 239.034
695.657 239.034 684.003 219.169
684.003 219.169 673.223 200.779
673.223 200.779 663.05 183.412
663.05 183.412 653.193 166.566
653.193 166.566 663.05 183.412
663.05 183.412 653.193 166.566
653.193 166.566 643.344 149.717
643.344 149.717 633.193 132.337
633.193 132.337 622.45 113.925
622.45 113.925 610.849 94.0291
610.849 94.0291 601.607 78.1737
711.699 280.902 -nan -nan
711.699 280.902 715.725 273.223
597.917 317.227 603.752 315.378
603.752 315.378 623.525 309.097
623.525 309.097 643.839 302.625
643.839 302.625 665.218 295.796
665.218 295.796 688.142 288.457
688.142 288.457 711.699 280.902
431.955 229.731 444.631 236.441
444.631 236.441 465.862 247.676
465.862 247.676 485.051 257.823
485.051 257.823 502.612 267.101
502.612 267.101 519.039 275.769
519.039 275.769 534.883 284.118
534.883 284.118 519.039 275.769
519.039 275.769 534.883 284.118
534.883 284.118 550.731 292.457
550.731 292.457 567.173 301.097
567.173 301.097 584.759 310.327
584.759 310.327 597.917 317.227
443.927 190.201 -nan -nan
443.927 190.201 441.392 198.562
441.392 198.562 434.615 220.937
434.615 220.937 431.955 229.731
Vertex 734.359 119.096
601.607 78.1737 610.849 94.0291
610.849 94.0291 622.45 113.925
622.45 113.925 633.193 132.337
633.193 132.337 643.344 149.717
643.344 149.717 653.193 166.566
653.193 166.566 643.344 149.717
643.344 149.717 653.193 166.566
653.193 166.566 663.05 183.412
663.05 183.412 673.223 200.779
673.223 200.779 684.003 219.169
684.003 219.169 695.657 239.034
695.657 239.034 708.413 260.768
708.413 260.768 715.725 273.223
601.607 78.1737 -nan -nan
601.607 78.1737 603.983 67.0727
603.983 67.0727 609.045 43.4563
609.045 43.4563 614.328 18.8724
614.328 18.8724 619.924 -7.12372
619.924 -7.12372 625.922 -34.9346
625.922 -34.9346 632.395 -64.9142
632.395 -64.9142 639.409 -97.3672
639.409 -97.3672 647.02 -132.55
647.02 -132.55 655.272 -170.677
655.272 -170.677 664.202 -211.923
664.202 -211.923 673.843 -256.431
673.843 -256.431 684.218 -304.317
684.218 -304.317 695.347 -355.676
695.347 -355.676 707.247 -410.583
707.247 -410.583 719.931 -469.099
719.931 -469.099 733.409 -531.275
733.409 -531.275 747.69 -597.152
747.69 -597.152 762.782 -666.762
762.782 -666.762 778.689 -740.133
778.689 -740.133 795.418 -817.287
795.418 -817.287 812.971 -898.243
812.971 -898.243 831.352 -983.016
831.352 -983.016 850.564 -1071.62
850.564 -1071.62 870.609 -1164.06
870.609 -1164.06 891.49 -1260.36
891.49 -1260.36 913.206 -1360.51
913.206 -1360.51 935.761 -1464.52
935.761 -1464.52 959.156 -1572.4
959.156 -1572.4 983.39 -1684.16
983.39 -1684.16 1008.47 -1799.8
1008.47 -1799.8 1034.38 -1919.31
1034.38 -1919.31 1051.88 -2000
817.407 225.63 818.81 213.316
818.81 213.316 821.417 190.394
821.417 190.394 823.826 169.172
823.826 169.172 826.096 149.129
826.096 149.129 828.291 129.69
828.291 129.69 826.096 149.129
826.096 149.129 828.291 129.69
828.291 129.69 830.481 110.25
830.481 110.25 832.732 90.2044
832.732 90.2044 835.11 68.9787
835.11 68.9787 837.674 46.0523
837.674 46.0523 840.474 20.9738
840.474 20.9738 843.553 -6.63485
843.553 -6.63485 846.946 -37.0809
846.946 -37.0809 850.68 -70.6094
850.68 -70.6094 854.777 -107.412
854.777 -107.412 859.255 -147.64
859.255 -147.64 864.125 -191.407
864.125 -191.407 869.398 -238.804
869.398 -238.804 875.082 -289.9
875.082 -289.9 881.183 -344.749
881.183 -344.749 887.706 -403.394
887.706 -403.394 894.655 -465.867
894.655 -465.867 902.032 -532.195
902.032 -532.195 909.839 -602.399
909.839 -602.399 918.08 -676.495
918.08 -676.495 926.754 -754.497
926.754 -754.497 935.864 -836.416
935.864 -836.416 945.411 -922.26
945.411 -922.26 955.395 -1012.04
955.395 -1012.04 965.817 -1105.75
965.817 -1105.75 976.677 -1203.42
976.677 -1203.42 987.977 -1305.03
987.977 -1305.03 999.716 -1410.59
999.716 -1410.59 1011.89 -1520.1
1011.89 -1520.1 1024.51 -1633.58
1024.51 -1633.58 1037.57 -1751.01
1037.57 -1751.01 1051.07 -1872.41
1051.07 -1872.41 1065.01 -1997.76
1065.01 -1997.76 1065.26 -2000
715.725 273.223 725.702 268.564
725.702 268.564 747.994 258.147
747.994 258.147 769.362 248.152
769.362 248.152 790.256 238.365
790.256 238.365 769.362 248.152
769.362 248.152 790.256 238.365
790.256 238.365 811.146 228.569
811.146 228.569 817.407 225.63
